CCK,LP,1,, 1.0M,120,10548,0.0,0.0,100.0,0.0,0,0,0,5,5,0,0,1.0
CCK,LP,1,, 2.0M,121,5476,0.0,0.0,0.0,0.0,0,0,0,0,0,0,0,1.0
CCK,LP,1,, 5.5M,122,2411,2.4,0.0,0.0,0.0,0,0,0,0,0,0,0,1.0
CCK,LP,1,,11.0M,123,1535,4.8,0.0,0.0,0.0,0,0,0,0,0,0,0,1.0
HT20,LGI,1,,MCS0 ,0,1477,4.8,4.8,100.0,0.0,1,1,1,1,1,0,0,1.0
HT20,LGI,1,ABCDP,MCS1 ,1,739,9.7,0.0,0.0,0.0,1,0,0,0,0,0,0,1.0
HT20,LGI,1,,MCS2 ,2,493,14.6,0.0,0.0,0.0,0,0,0,0,0,0,0,1.0
HT20,LGI,1,,MCS3 ,3,369,19.5,0.0,0.0,0.0,0,0,0,0,0,0,0,1.0
HT20,LGI,1,,MCS4 ,4,246,24.4,0.0,0.0,0.0,0,0,0,0,0,0,0,1.0
HT20,LGI,1,,MCS5 ,5,185,31.7,0.0,0.0,0.0,0,0,0,0,0,0,0,1.0
HT20,LGI,1,,MCS6 ,6,164,34.1,0.0,0.0,0.0,0,0,0,0,0,0,0,1.0
HT20,LGI,1,,MCS7 ,7,148,36.6,0.0,0.0,0.0,0,0,0,0,0,0,0,1.0
HT20,SGI,1,,MCS0 ,30,1329,4.8,0.0,0.0,0.0,0,0,0,0,0,0,0,1.0
HT20,SGI,1,,MCS1 ,31,665,12.2,0.0,0.0,0.0,0,0,0,0,0,0,0,1.0
HT20,SGI,1,,MCS2 ,32,443,17.0,0.0,0.0,0.0,0,0,0,0,0,0,0,1.0
HT20,SGI,1,,MCS3 ,33,332,19.5,0.0,0.0,0.0,0,0,0,0,0,0,0,1.0
HT20,SGI,1,,MCS4 ,34,222,26.8,0.0,0.0,0.0,0,0,0,0,0,0,0,1.0
HT20,SGI,1,,MCS5 ,35,166,34.1,0.0,0.0,0.0,0,0,0,0,0,0,0,1.0
HT20,SGI,1,,MCS6 ,36,148,36.6,0.0,0.0,0.0,0,0,0,0,0,0,0,1.0
HT20,SGI,1,,MCS7 ,37,133,39.0,0.0,0.0,0.0,0,0,0,0,0,0,0,1.0

CCK,LP,1,, 1.0M,120,10548,0.0,0.0,100.0,0.0,0,0,0,6,6,0,0,3.9
CCK,LP,1,, 2.0M,121,5476,0.0,0.0,0.0,0.0,0,0,0,0,0,0,0,3.9
CCK,LP,1,, 5.5M,122,2411,2.4,0.0,0.0,0.0,0,0,0,0,0,0,0,3.9
CCK,LP,1,,11.0M,123,1535,4.8,0.0,0.0,0.0,0,0,0,0,0,0,0,3.9
HT20,LGI,1,,MCS0 ,0,1477,4.8,4.8,100.0,0.0,1,0,0,1,1,0,0,3.9
HT20,LGI,1,ABCDP,MCS1 ,1,739,12.2,7.3,70.6,10.4,2,28,36,490,676,0,0,3.9
HT20,LGI,1,,MCS2 ,2,493,17.0,0.0,0.0,0.0,0,0,0,0,0,0,0,3.9
HT20,LGI,1,,MCS3 ,3,369,21.9,0.0,0.0,0.0,0,0,0,0,0,0,0,3.9
HT20,LGI,1,,MCS4 ,4,246,31.7,0.0,0.0,0.0,0,0,0,0,0,0,0,3.9
HT20,LGI,1,,MCS5 ,5,185,41.5,0.0,0.0,0.0,0,0,0,0,0,0,0,3.9
HT20,LGI,1,,MCS6 ,6,164,46.3,0.0,0.0,0.0,0,0,0,0,0,0,0,3.9
HT20,LGI,1,,MCS7 ,7,148,51.2,0.0,0.0,0.0,0,0,0,0,0,0,0,3.9
HT20,SGI,1,,MCS0 ,30,1329,4.8,0.0,0.0,0.0,0,0,0,0,0,0,0,3.9
HT20,SGI,1,,MCS1 ,31,665,12.2,0.0,0.0,0.0,0,0,0,0,0,0,0,3.9
HT20,SGI,1,,MCS2 ,32,443,19.5,0.0,0.0,0.0,0,0,0,0,0,0,0,3.9
HT20,SGI,1,,MCS3 ,33,332,24.4,0.0,0.0,0.0,0,0,0,0,0,0,0,3.9
HT20,SGI,1,,MCS4 ,34,222,36.6,0.0,0.0,0.0,0,0,0,0,0,0,0,3.9
HT20,SGI,1,,MCS5 ,35,166,46.3,0.0,0.0,0.0,0,0,0,0,0,0,0,3.9
HT20,SGI,1,,MCS6 ,36,148,51.2,0.0,0.0,0.0,0,0,0,0,0,0,0,3.9
HT20,SGI,1,,MCS7 ,37,133,56.1,0.0,0.0,0.0,0,0,0,0,0,0,0,3.9

CCK,LP,1,, 1.0M,120,10548,0.0,0.0,100.0,0.0,0,0,0,6,6,0,0,3.9
CCK,LP,1,, 2.0M,121,5476,0.0,0.0,0.0,0.0,0,0,0,0,0,0,0,3.9
CCK,LP,1,, 5.5M,122,2411,2.4,0.0,0.0,0.0,0,0,0,0,0,0,0,3.9
CCK,LP,1,,11.0M,123,1535,4.8,0.0,0.0,0.0,0,0,0,0,0,0,0,3.9
HT20,LGI,1,,MCS0 ,0,1477,4.8,4.8,100.0,0.0,1,0,0,1,1,0,0,3.9
HT20,LGI,1,ABCDP,MCS1 ,1,739,12.2,7.3,75.2,13.3,2,16,20,1174,1552,0,0,3.9
HT20,LGI,1,,MCS2 ,2,493,17.0,0.0,0.0,0.0,0,0,0,0,0,0,0,3.9
HT20,LGI,1,,MCS3 ,3,369,21.9,0.0,0.0,0.0,0,0,0,0,0,0,0,3.9
HT20,LGI,1,,MCS4 ,4,246,31.7,0.0,0.0,0.0,0,0,0,0,0,0,0,3.9
HT20,LGI,1,,MCS5 ,5,185,41.5,0.0,0.0,0.0,0,0,0,0,0,0,0,3.9
HT20,LGI,1,,MCS6 ,6,164,46.3,0.0,0.0,0.0,0,0,0,0,0,0,0,3.9
HT20,LGI,1,,MCS7 ,7,148,51.2,0.0,0.0,0.0,0,0,0,0,0,0,0,3.9
HT20,SGI,1,,MCS0 ,30,1329,4.8,0.0,0.0,0.0,0,0,0,0,0,0,0,3.9
HT20,SGI,1,,MCS1 ,31,665,12.2,0.0,0.0,0.0,0,0,0,0,0,0,0,3.9
HT20,SGI,1,,MCS2 ,32,443,19.5,0.0,0.0,0.0,0,0,0,0,0,0,0,3.9
HT20,SGI,1,,MCS3 ,33,332,24.4,0.0,0.0,0.0,0,0,0,0,0,0,0,3.9
HT20,SGI,1,,MCS4 ,34,222,36.6,0.0,0.0,0.0,0,0,0,0,0,0,0,3.9
HT20,SGI,1,,MCS5 ,35,166,46.3,0.0,0.0,0.0,0,0,0,0,0,0,0,3.9
HT20,SGI,1,,MCS6 ,36,148,51.2,0.0,0.0,0.0,0,0,0,0,0,0,0,3.9
HT20,SGI,1,,MCS7 ,37,133,56.1,0.0,0.0,0.0,0,0,0,0,0,0,0,3.9

CCK,LP,1,, 1.0M,120,10548,0.0,0.0,100.0,0.0,0,0,0,6,6,0,0,3.9
CCK,LP,1,, 2.0M,121,5476,0.0,0.0,0.0,0.0,0,0,0,0,0,0,0,3.9
CCK,LP,1,, 5.5M,122,2411,2.4,0.0,0.0,0.0,0,0,0,0,0,0,0,3.9
CCK,LP,1,,11.0M,123,1535,4.8,0.0,0.0,0.0,0,0,0,0,0,0,0,3.9
HT20,LGI,1,,MCS0 ,0,1477,4.8,4.8,100.0,0.0,1,0,0,1,1,0,0,3.9
HT20,LGI,1,ABCDP,MCS1 ,1,739,12.2,9.7,80.1,12.1,2,36,40,1810,2404,0,0,3.9
HT20,LGI,1,,MCS2 ,2,493,17.0,0.0,0.0,0.0,0,0,0,0,0,0,0,3.9
HT20,LGI,1,,MCS3 ,3,369,21.9,0.0,0.0,0.0,0,0,0,0,0,0,0,3.9
HT20,LGI,1,,MCS4 ,4,246,31.7,0.0,0.0,0.0,0,0,0,0,0,0,0,3.9
HT20,LGI,1,,MCS5 ,5,185,41.5,0.0,0.0,0.0,0,0,0,0,0,0,0,3.9
HT20,LGI,1,,MCS6 ,6,164,46.3,0.0,0.0,0.0,0,0,0,0,0,0,0,3.9
HT20,LGI,1,,MCS7 ,7,148,51.2,0.0,0.0,0.0,0,0,0,0,0,0,0,3.9
HT20,SGI,1,,MCS0 ,30,1329,4.8,0.0,0.0,0.0,0,0,0,0,0,0,0,3.9
HT20,SGI,1,,MCS1 ,31,665,12.2,0.0,0.0,0.0,0,0,0,0,0,0,0,3.9
HT20,SGI,1,,MCS2 ,32,443,19.5,0.0,0.0,0.0,0,0,0,0,0,0,0,3.9
HT20,SGI,1,,MCS3 ,33,332,24.4,0.0,0.0,0.0,0,0,0,0,0,0,0,3.9
HT20,SGI,1,,MCS4 ,34,222,36.6,0.0,0.0,0.0,0,0,0,0,0,0,0,3.9
HT20,SGI,1,,MCS5 ,35,166,46.3,0.0,0.0,0.0,0,0,0,0,0,0,0,3.9
HT20,SGI,1,,MCS6 ,36,148,51.2,0.0,0.0,0.0,0,0,0,0,0,0,0,3.9
HT20,SGI,1,,MCS7 ,37,133,56.1,0.0,0.0,0.0,0,0,0,0,0,0,0,3.9

CCK,LP,1,, 1.0M,120,10548,0.0,0.0,100.0,0.0,0,0,0,6,6,0,0,3.9
CCK,LP,1,, 2.0M,121,5476,0.0,0.0,0.0,0.0,0,0,0,0,0,0,0,3.9
CCK,LP,1,, 5.5M,122,2411,2.4,0.0,0.0,0.0,0,0,0,0,0,0,0,3.9
CCK,LP,1,,11.0M,123,1535,4.8,0.0,0.0,0.0,0,0,0,0,0,0,0,3.9
HT20,LGI,1,,MCS0 ,0,1477,4.8,4.8,100.0,0.0,1,0,0,1,1,0,0,3.9
HT20,LGI,1,ABCDP,MCS1 ,1,739,12.2,7.3,74.2,12.1,2,28,36,2466,3288,0,0,3.9
HT20,LGI,1,,MCS2 ,2,493,17.0,0.0,0.0,0.0,0,0,0,0,0,0,0,3.9
HT20,LGI,1,,MCS3 ,3,369,21.9,0.0,0.0,0.0,0,0,0,0,0,0,0,3.9
HT20,LGI,1,,MCS4 ,4,246,31.7,0.0,0.0,0.0,0,0,0,0,0,0,0,3.9
HT20,LGI,1,,MCS5 ,5,185,41.5,0.0,0.0,0.0,0,0,0,0,0,0,0,3.9
HT20,LGI,1,,MCS6 ,6,164,46.3,0.0,0.0,0.0,0,0,0,0,0,0,0,3.9
HT20,LGI,1,,MCS7 ,7,148,51.2,0.0,0.0,0.0,0,0,0,0,0,0,0,3.9
HT20,SGI,1,,MCS0 ,30,1329,4.8,0.0,0.0,0.0,0,0,0,0,0,0,0,3.9
HT20,SGI,1,,MCS1 ,31,665,12.2,0.0,0.0,0.0,0,0,0,0,0,0,0,3.9
HT20,SGI,1,,MCS2 ,32,443,19.5,0.0,0.0,0.0,0,0,0,0,0,0,0,3.9
HT20,SGI,1,,MCS3 ,33,332,24.4,0.0,0.0,0.0,0,0,0,0,0,0,0,3.9
HT20,SGI,1,,MCS4 ,34,222,36.6,0.0,0.0,0.0,0,0,0,0,0,0,0,3.9
HT20,SGI,1,,MCS5 ,35,166,46.3,0.0,0.0,0.0,0,0,0,0,0,0,0,3.9
HT20,SGI,1,,MCS6 ,36,148,51.2,0.0,0.0,0.0,0,0,0,0,0,0,0,3.9
HT20,SGI,1,,MCS7 ,37,133,56.1,0.0,0.0,0.0,0,0,0,0,0,0,0,3.9

CCK,LP,1,, 1.0M,120,10548,0.0,0.0,100.0,0.0,0,0,0,6,6,0,0,4.0
CCK,LP,1,, 2.0M,121,5476,0.0,0.0,0.0,0.0,0,0,0,0,0,0,0,4.0
CCK,LP,1,, 5.5M,122,2411,2.4,0.0,0.0,0.0,0,0,0,0,0,0,0,4.0
CCK,LP,1,,11.0M,123,1535,4.8,0.0,0.0,0.0,0,0,0,0,0,0,0,4.0
HT20,LGI,1,,MCS0 ,0,1477,4.8,4.8,100.0,0.0,1,0,0,1,1,0,0,4.0
HT20,LGI,1,ABCDP,MCS1 ,1,739,12.2,9.7,77.7,15.5,2,40,44,3275,4375,0,0,4.0
HT20,LGI,1,,MCS2 ,2,493,17.0,0.0,0.0,0.0,0,0,0,0,0,0,0,4.0
HT20,LGI,1,,MCS3 ,3,369,21.9,0.0,0.0,0.0,0,0,0,0,0,0,0,4.0
HT20,LGI,1,,MCS4 ,4,246,34.1,0.0,0.0,0.0,0,0,0,0,0,0,0,4.0
HT20,LGI,1,,MCS5 ,5,185,43.9,0.0,0.0,0.0,0,0,0,0,0,0,0,4.0
HT20,LGI,1,,MCS6 ,6,164,48.8,0.0,0.0,0.0,0,0,0,0,0,0,0,4.0
HT20,LGI,1,,MCS7 ,7,148,53.7,0.0,0.0,0.0,0,0,0,0,0,0,0,4.0
HT20,SGI,1,,MCS0 ,30,1329,4.8,0.0,0.0,0.0,0,0,0,0,0,0,0,4.0
HT20,SGI,1,,MCS1 ,31,665,12.2,0.0,0.0,0.0,0,0,0,0,0,0,0,4.0
HT20,SGI,1,,MCS2 ,32,443,19.5,0.0,0.0,0.0,0,0,0,0,0,0,0,4.0
HT20,SGI,1,,MCS3 ,33,332,24.4,0.0,0.0,0.0,0,0,0,0,0,0,0,4.0
HT20,SGI,1,,MCS4 ,34,222,36.6,0.0,0.0,0.0,0,0,0,0,0,0,0,4.0
HT20,SGI,1,,MCS5 ,35,166,48.8,0.0,0.0,0.0,0,0,0,0,0,0,0,4.0
HT20,SGI,1,,MCS6 ,36,148,53.7,0.0,0.0,0.0,0,0,0,0,0,0,0,4.0
HT20,SGI,1,,MCS7 ,37,133,58.5,0.0,0.0,0.0,0,0,0,0,0,0,0,4.0

CCK,LP,1,, 1.0M,120,10548,0.0,0.0,100.0,0.0,0,0,0,6,6,0,0,4.0
CCK,LP,1,, 2.0M,121,5476,0.0,0.0,0.0,0.0,0,0,0,0,0,0,0,4.0
CCK,LP,1,, 5.5M,122,2411,2.4,0.0,0.0,0.0,0,0,0,0,0,0,0,4.0
CCK,LP,1,,11.0M,123,1535,4.8,0.0,0.0,0.0,0,0,0,0,0,0,0,4.0
HT20,LGI,1,,MCS0 ,0,1477,4.8,4.8,100.0,0.0,1,0,0,1,1,0,0,4.0
HT20,LGI,1,ABCDP,MCS1 ,1,739,12.2,7.3,74.1,14.1,2,32,40,3959,5271,0,0,4.0
HT20,LGI,1,,MCS2 ,2,493,17.0,0.0,0.0,0.0,0,0,0,0,0,0,0,4.0
HT20,LGI,1,,MCS3 ,3,369,21.9,0.0,0.0,0.0,0,0,0,0,0,0,0,4.0
HT20,LGI,1,,MCS4 ,4,246,34.1,0.0,0.0,0.0,0,0,0,0,0,0,0,4.0
HT20,LGI,1,,MCS5 ,5,185,43.9,0.0,0.0,0.0,0,0,0,0,0,0,0,4.0
HT20,LGI,1,,MCS6 ,6,164,48.8,0.0,0.0,0.0,0,0,0,0,0,0,0,4.0
HT20,LGI,1,,MCS7 ,7,148,53.7,0.0,0.0,0.0,0,0,0,0,0,0,0,4.0
HT20,SGI,1,,MCS0 ,30,1329,4.8,0.0,0.0,0.0,0,0,0,0,0,0,0,4.0
HT20,SGI,1,,MCS1 ,31,665,12.2,0.0,0.0,0.0,0,0,0,0,0,0,0,4.0
HT20,SGI,1,,MCS2 ,32,443,19.5,0.0,0.0,0.0,0,0,0,0,0,0,0,4.0
HT20,SGI,1,,MCS3 ,33,332,24.4,0.0,0.0,0.0,0,0,0,0,0,0,0,4.0
HT20,SGI,1,,MCS4 ,34,222,36.6,0.0,0.0,0.0,0,0,0,0,0,0,0,4.0
HT20,SGI,1,,MCS5 ,35,166,48.8,0.0,0.0,0.0,0,0,0,0,0,0,0,4.0
HT20,SGI,1,,MCS6 ,36,148,53.7,0.0,0.0,0.0,0,0,0,0,0,0,0,4.0
HT20,SGI,1,,MCS7 ,37,133,58.5,0.0,0.0,0.0,0,0,0,0,0,0,0,4.0

CCK,LP,1,, 1.0M,120,10548,0.0,0.0,100.0,0.0,0,0,0,6,6,0,0,4.0
CCK,LP,1,, 2.0M,121,5476,0.0,0.0,0.0,0.0,0,0,0,0,0,0,0,4.0
CCK,LP,1,, 5.5M,122,2411,2.4,0.0,0.0,0.0,0,0,0,0,0,0,0,4.0
CCK,LP,1,,11.0M,123,1535,4.8,0.0,0.0,0.0,0,0,0,0,0,0,0,4.0
HT20,LGI,1,,MCS0 ,0,1477,4.8,4.8,100.0,0.0,1,0,0,1,1,0,0,4.0
HT20,LGI,1,ABCDP,MCS1 ,1,739,12.2,9.7,78.5,17.5,2,40,44,4611,6147,0,0,4.0
HT20,LGI,1,,MCS2 ,2,493,17.0,0.0,0.0,0.0,0,0,0,0,0,0,0,4.0
HT20,LGI,1,,MCS3 ,3,369,21.9,0.0,0.0,0.0,0,0,0,0,0,0,0,4.0
HT20,LGI,1,,MCS4 ,4,246,34.1,0.0,0.0,0.0,0,0,0,0,0,0,0,4.0
HT20,LGI,1,,MCS5 ,5,185,43.9,0.0,0.0,0.0,0,0,0,0,0,0,0,4.0
HT20,LGI,1,,MCS6 ,6,164,48.8,0.0,0.0,0.0,0,0,0,0,0,0,0,4.0
HT20,LGI,1,,MCS7 ,7,148,53.7,0.0,0.0,0.0,0,0,0,0,0,0,0,4.0
HT20,SGI,1,,MCS0 ,30,1329,4.8,0.0,0.0,0.0,0,0,0,0,0,0,0,4.0
HT20,SGI,1,,MCS1 ,31,665,12.2,0.0,0.0,0.0,0,0,0,0,0,0,0,4.0
HT20,SGI,1,,MCS2 ,32,443,19.5,0.0,0.0,0.0,0,0,0,0,0,0,0,4.0
HT20,SGI,1,,MCS3 ,33,332,24.4,0.0,0.0,0.0,0,0,0,0,0,0,0,4.0
HT20,SGI,1,,MCS4 ,34,222,36.6,0.0,0.0,0.0,0,0,0,0,0,0,0,4.0
HT20,SGI,1,,MCS5 ,35,166,48.8,0.0,0.0,0.0,0,0,0,0,0,0,0,4.0
HT20,SGI,1,,MCS6 ,36,148,53.7,0.0,0.0,0.0,0,0,0,0,0,0,0,4.0
HT20,SGI,1,,MCS7 ,37,133,58.5,0.0,0.0,0.0,0,0,0,0,0,0,0,4.0

CCK,LP,1,, 1.0M,120,10548,0.0,0.0,100.0,0.0,0,0,0,6,6,0,0,4.0
CCK,LP,1,, 2.0M,121,5476,0.0,0.0,0.0,0.0,0,0,0,0,0,0,0,4.0
CCK,LP,1,, 5.5M,122,2411,2.4,0.0,0.0,0.0,0,0,0,0,0,0,0,4.0
CCK,LP,1,,11.0M,123,1535,4.8,0.0,0.0,0.0,0,0,0,0,0,0,0,4.0
HT20,LGI,1,,MCS0 ,0,1477,4.8,4.8,100.0,0.0,1,0,0,1,1,0,0,4.0
HT20,LGI,1,ABCDP,MCS1 ,1,739,12.2,9.7,77.1,17.3,2,32,40,5163,6883,0,0,4.0
HT20,LGI,1,,MCS2 ,2,493,17.0,0.0,0.0,0.0,0,0,0,0,0,0,0,4.0
HT20,LGI,1,,MCS3 ,3,369,21.9,0.0,0.0,0.0,0,0,0,0,0,0,0,4.0
HT20,LGI,1,,MCS4 ,4,246,34.1,0.0,0.0,0.0,0,0,0,0,0,0,0,4.0
HT20,LGI,1,,MCS5 ,5,185,43.9,0.0,0.0,0.0,0,0,0,0,0,0,0,4.0
HT20,LGI,1,,MCS6 ,6,164,48.8,0.0,0.0,0.0,0,0,0,0,0,0,0,4.0
HT20,LGI,1,,MCS7 ,7,148,53.7,0.0,0.0,0.0,0,0,0,0,0,0,0,4.0
HT20,SGI,1,,MCS0 ,30,1329,4.8,0.0,0.0,0.0,0,0,0,0,0,0,0,4.0
HT20,SGI,1,,MCS1 ,31,665,12.2,0.0,0.0,0.0,0,0,0,0,0,0,0,4.0
HT20,SGI,1,,MCS2 ,32,443,19.5,0.0,0.0,0.0,0,0,0,0,0,0,0,4.0
HT20,SGI,1,,MCS3 ,33,332,24.4,0.0,0.0,0.0,0,0,0,0,0,0,0,4.0
HT20,SGI,1,,MCS4 ,34,222,36.6,0.0,0.0,0.0,0,0,0,0,0,0,0,4.0
HT20,SGI,1,,MCS5 ,35,166,48.8,0.0,0.0,0.0,0,0,0,0,0,0,0,4.0
HT20,SGI,1,,MCS6 ,36,148,53.7,0.0,0.0,0.0,0,0,0,0,0,0,0,4.0
HT20,SGI,1,,MCS7 ,37,133,58.5,0.0,0.0,0.0,0,0,0,0,0,0,0,4.0
